84, 157, 59, 86, 241, 208, 55, 144, 171, 142, 163, 153, 101, 239, 144, 13, 119, 12, 68, 229, 188, 
210, 46, 24, 59, 129, 234, 174, 199, 48, 189, 195, 228, 77, 88, 169, 83, 244, 45, 193, 111, 140, 
193, 132, 65, 137, 65, 64, 121, 112, 242, 47, 173, 154, 249, 94, 238, 74, 71, 156, 168, 231, 208, 
28, 171, 120, 127, 57, 191, 147, 134, 179, 59, 214, 165, 57, 34, 123, 77, 83, 155, 131, 94, 216, 
198, 168, 32, 116, 229, 214, 239, 234, 84, 166, 16, 200, 243, 188, 113, 202, 52, 132, 5, 171, 167, 
150, 225, 8, 202, 245, 91, 225, 233, 154, 64, 146, 53, 155, 154, 19, 16, 102, 49, 170, 69, 57, 
40, 147, 212, 228, 1, 60, 71, 119, 157, 37, 152, 25, 213, 180, 4, 52, 19, 194, 39, 142, 98, 
138, 255, 181, 99, 130, 46, 92, 238, 3, 135, 147, 54, 181, 61, 237, 51, 229, 145, 15, 252, 192, 
138, 47, 182, 228, 237, 95, 62, 200, 17, 60, 110, 86, 42, 88, 215, 136, 42, 7, 134, 241, 36, 
35, 175, 75, 40, 90, 223, 10, 83, 203, 95, 161, 51, 227, 77, 24, 231, 221, 82, 154, 191, 202, 
82, 13, 141, 63, 69, 54, 254, 10, 208, 218, 249, 12, 223, 7, 180, 124, 141, 70, 238, 246, 253, 
79, 78, 239, 234, 121, 77, 145, 206, 245, 123, 32, 72, 190, 77, 96, 6, 232, 103, 114, 113, 162, 
8, 176, 124, 245, 50, 18, 214, 213, 180, 54, 99, 33, 110, 255, 7, 40, 141, 184, 164, 93, 154, 
191, 249, 46, 157, 31, 43, 123, 71, 196, 186, 184, 32, 216, 97, 47, 177, 128, 99, 27, 101, 130, 
230, 225, 161, 103, 119, 244, 22, 230, 64, 169, 234, 61, 68, 23, 86, 255, 35, 5, 102, 208, 145, 
20, 247, 164, 109, 193, 7, 153, 41, 150, 8, 126, 50, 76, 248, 227, 191, 7, 191, 77, 153, 137, 
24, 24, 99, 99, 58, 68, 244, 217, 201, 98, 253, 154, 196, 60, 207, 28, 206, 84, 225, 232, 179, 
234, 172, 19, 86, 213, 102, 70, 191, 212, 122, 83, 8, 112, 36, 6, 107, 109, 134, 66, 142, 52, 
36, 108, 241, 228, 123, 182, 171, 86, 155, 211, 242, 213, 101, 4, 183, 5, 170, 5, 45, 174, 117, 
217, 147, 180, 130, 114, 83, 2, 86, 243, 231, 87, 207, 121, 129, 78, 244, 27, 160, 119, 105, 22, 
196, 132, 213, 177, 52, 43, 177, 25, 1, 161, 7, 176, 200, 242, 81, 138, 19, 178, 195, 181, 250, 
193, 32, 248, 210, 13, 57, 52, 44, 94, 24, 181, 89, 0, 162, 203, 226, 178, 57, 33, 186, 81, 
249, 221, 104, 225, 210, 171, 116, 254, 212, 182, 140, 153, 197, 50, 189, 109, 99, 180, 247, 166, 35, 
124, 160, 147, 3, 178, 23, 34, 119, 118, 219, 88, 85, 249, 78, 31, 110, 139, 67, 180, 252, 138, 
92, 230, 251, 242, 255, 203, 174, 27, 114, 18, 142, 239, 20, 145, 217, 88, 158, 223, 165, 146, 215, 
133, 119, 173, 76, 245, 7, 106, 220, 69, 214, 146, 167, 251, 158, 73, 90, 57, 74, 207, 227, 65, 
113, 237, 174, 6, 98, 48, 116, 221, 181, 250, 5, 134, 29, 105, 196, 149, 204, 215, 177, 6, 73, 
167, 12, 198, 44, 22, 57, 209, 105, 188, 203, 88, 51, 141, 28, 101, 33, 116, 57, 246, 177, 102, 
247, 97, 250, 128, 230, 61, 38, 141, 151, 114, 160, 228, 243, 177, 61, 170, 245, 185, 125, 122, 121, 
64, 2, 4, 125, 10, 226, 134, 147, 169, 102, 7, 72, 120, 6, 179, 209, 162, 250, 29, 57, 182, 
146, 200, 244, 78, 110, 29, 129, 24, 91, 110, 253, 205, 246, 93, 198, 148, 249, 155, 60, 12, 59, 
122, 28, 198, 104, 122, 216, 101, 28, 58, 83, 241, 104, 238, 79, 237, 164, 100, 137, 248, 168, 119, 
102, 190, 216, 189, 125, 82, 211, 168, 202, 160, 214, 152, 205, 174, 166, 149, 193, 101, 70, 69, 23, 
211, 203, 25, 152, 151, 233, 187, 134, 139, 101, 230, 245, 155, 128, 91, 198, 172, 115, 229, 104, 140, 
128, 114, 179, 200, 76, 146, 217, 146, 148, 215, 94, 45, 24, 24, 43, 214, 183, 48, 221, 4, 226, 
164, 116, 246, 69, 89, 124, 140, 89, 96, 118, 7, 161, 224, 54, 22, 78, 191, 80, 71, 84, 10, 
117, 137, 119, 54, 200, 69, 32, 221, 111, 245, 38, 188, 190, 111, 223, 178, 50, 178, 209, 227, 225, 
9, 78, 183, 103, 33, 49, 12, 202, 228, 150, 165, 128, 13, 246, 135, 188, 143, 234, 163, 154, 49, 
45, 209, 159, 173, 98, 185, 147, 184, 88, 178, 99, 87, 64, 224, 86, 169, 175, 241, 238, 17, 137, 
68, 45, 51, 223, 180, 24, 99, 186, 141, 239, 64, 164, 134, 91, 70, 202, 82, 85, 67, 173, 146, 
181, 47, 249, 164, 246, 99, 63, 11, 139, 128, 62, 228, 37, 116, 224, 91, 41, 177, 203, 51, 111, 
225, 173, 96, 163, 213, 177, 145, 130, 193, 186, 92, 201, 60, 137, 5, 184, 113, 120, 228, 114, 7, 
48, 48, 125, 181, 53, 227, 21, 119, 229, 61, 139, 65, 136, 227, 166, 95, 35, 62, 124, 138, 133, 
160, 194, 139, 210, 210, 230, 105, 197, 79, 136, 87, 75, 80, 247, 166, 61, 119, 3, 99, 241, 63, 
147, 6, 148, 118, 176, 169, 91, 241, 105, 5, 201, 171, 231, 98, 121, 54, 35, 253, 83, 82, 89, 
126, 96, 69, 30, 110, 214, 221, 127, 18, 114, 125, 21, 84, 183, 73, 204, 23, 204, 13, 132, 117, 
197, 72, 244, 52, 188, 251, 251, 45, 75, 142, 139, 245, 208, 85, 73, 99, 166, 46, 254, 114, 229, 
156, 193, 150, 246, 100, 23, 234, 140, 8, 225, 9, 67, 57, 149, 4, 144, 107, 82, 67, 254, 145, 
93, 223, 97, 120, 233, 148, 130, 231, 163, 232, 13, 75, 185, 46, 225, 31, 222, 111, 226, 200, 90, 
215, 132, 247, 84, 100, 107, 102, 207, 124, 16, 184, 248, 37, 170, 190, 86, 66, 55, 207, 112, 50, 
25, 119, 58, 87, 11, 175, 191, 226, 45, 2, 17, 122, 164, 34, 146, 96, 226, 175, 73, 77, 243, 
151, 8, 218, 27, 83, 111, 13, 67, 187, 124, 255, 46, 52, 153, 230, 97, 180, 128, 166, 76, 74, 
254, 178, 207, 3, 44, 73, 148, 128, 183, 190, 133, 9, 36, 72, 73, 186, 118, 223, 182, 98, 162, 
183, 82, 117, 207, 219, 181, 124, 7, 129, 57, 203, 10, 187, 17, 12, 227, 139, 127, 50, 230, 88, 
248, 64, 64, 108, 65, 71, 176, 234, 156, 49, 98, 104, 121, 213, 219, 214, 31, 122, 122, 111, 140, 
213, 183, 67, 76, 70, 247, 183, 30, 13, 123, 153, 214, 159, 56, 48, 51, 196, 168, 62, 125, 245, 
205, 92, 228, 203, 230, 112, 137, 57, 208, 18, 148, 86, 198, 249, 81, 151, 146, 10, 99, 74, 82, 
31, 120, 166, 197, 47, 39, 6, 158, 255, 26, 109, 251, 113, 64, 16, 129, 39, 233, 72, 181, 2, 
115, 178, 44, 157, 189, 99, 189, 198, 56, 177, 228, 32, 152, 155, 177, 232, 243, 185, 146, 120, 139, 
184, 26, 143, 94, 53, 224, 110, 42, 14, 13, 179, 212, 202, 92, 142, 130, 219, 112, 198, 249, 126, 
4, 206, 151, 16, 132, 105, 50, 151, 248, 87, 245, 59, 182, 217, 223, 144, 47, 211, 225, 196, 23, 
8, 216, 30, 222, 29, 83, 107, 16, 70, 35, 131, 243, 205, 131, 225, 37, 235, 106, 126, 155, 41, 
50, 175, 230, 251, 173, 236, 6, 121, 96, 148, 115, 244, 8, 54, 1, 227, 107, 219, 98, 217, 116, 
201, 137, 125, 120, 151, 217, 162, 39, 103, 249, 139, 17, 21, 27, 238, 203, 47, 137, 22, 200, 7, 
11, 122, 79, 134, 194, 54, 63, 184, 179, 63, 122, 118, 27, 149, 47, 32, 90, 221, 46, 205, 75, 
108, 184, 240, 192, 181, 22, 5, 36, 98, 104, 226, 62, 199, 161, 9, 34, 248, 111, 67, 191, 8, 
223, 156, 125, 102, 64, 246, 129, 157, 57, 141, 123, 238, 208, 90, 16, 73, 7, 186, 198, 137, 2, 
77, 183, 64, 230, 193, 190, 141, 35, 58, 43, 176, 87, 127, 139, 77, 213, 11, 209, 198, 143, 168, 
34, 223, 214, 170, 126, 197, 31, 100, 173, 3, 10, 32, 102, 64, 230, 83, 12, 64, 224, 245, 133, 
121, 235, 221, 154, 9, 218, 166, 195, 182, 183, 125, 5, 51, 203, 14, 230, 240, 200, 97, 78, 113, 
158, 225, 37, 10, 73, 109, 69, 131, 57, 187, 247, 157, 76, 54, 211, 133, 46, 141, 35, 121, 246, 
171, 160, 71, 45, 57, 138, 69, 88, 170, 112, 6, 214, 90, 168, 79, 156, 94, 199, 1, 45, 17, 
54, 145, 115, 182, 253, 48, 229, 60, 124, 34, 61, 16, 233, 51, 179, 29, 162, 54, 33, 251, 44, 
245, 106, 248, 18, 101, 116, 225, 225, 204, 183, 96, 217, 245, 79, 72, 200, 88, 140, 149, 95, 84, 
128, 10, 46, 182, 175, 221, 33, 69, 59, 202, 182, 189, 9, 1, 169, 203, 20, 77, 11, 72, 161, 
121, 216, 31, 249, 218, 105, 27, 195, 215, 176, 17, 169, 29, 26, 82, 5, 148, 67, 79, 57, 105, 
186, 236, 39, 252, 233, 77, 160, 245, 112, 96, 163, 191, 226, 105, 119, 250, 202, 109, 16, 240, 214, 
184, 43, 240, 118, 244, 108, 137, 75, 49, 74, 195, 155, 0, 172, 242, 171, 82, 135, 223, 250, 212, 
74, 95, 96, 47, 98, 221, 158, 197, 158, 7, 170, 64, 142, 12, 221, 133, 222, 28, 247, 122, 249, 
81, 125, 19, 5, 229, 143, 170, 198, 